Arman, Nov 2021

RACIAL MAGIC RESISTANCE MAX SCALING BONUS (%)
+----------+------+------+------+------+------+------+------+------+------+------+------+------+
| RACE     | Elec | Pois | Iden | Life | Deat | Wate | Air  | Eart | Fire | Cold | Acid | Illu |
+----------+------+------+------+------+------+------+------+------+------+------+------+------+
| Human    |  0   |  0   |  0   |  0   |  0   |  0   |  0   |  0   |  0   |  0   |  0   |  0   |  
+----------+------+------+------+------+------+------+------+------+------+------+------+------+
| Half-elf |  0   |  0   |  0   |  0   |  0   |  0   |   0  |  -5  |  -5  |  +5  |  0   |  +5  |
+----------+------+------+------+------+------+------+------+------+------+------+------+------+
| Elf      |  0   |  0   |  0   |  0   |  0   |  0   |   0  | -10  | -10  | +10  |  0   | +10  |
+----------+------+------+------+------+------+------+------+------+------+------+------+------+
| Drow     |  0   |  0   |  0   |  0   |  0   | -10  | -10  |  0   |  0   | +10  |  0   | +10  |
+----------+------+------+------+------+------+------+------+------+------+------+------+------+
| Dwarf    |  0   | +10  |  0   |  0   |  0   | -10  | -10  | +10  |  0   |  0   |  0   |  0   | 
+----------+------+------+------+------+------+------+------+------+------+------+------+------+
| Hobbit   | -10  | +10  |  0   |  0   | -10  |  0   | +10  |  0   |  0   |  0   |  0   |  0   | 
+----------+------+------+------+------+------+------+------+------+------+------+------+------+
| Halfling | -10  |  0   |  0   |  0   | -10  |  0   | +10  | +10  |  0   |  0   |  0   |  0   | 
+----------+------+------+------+------+------+------+------+------+------+------+------+------+
| Kender   |  0   |  0   |  0   |  0   |  0   |  0   | +10  |  0   |  0   |  0   |  0   | -10  | 
+----------+------+------+------+------+------+------+------+------+------+------+------+------+
| Gnome    | +10  |  0   |  0   |  0   |  0   | -10  |  0   |  0   |  0   | -10  |  0   | +10  | 
+----------+------+------+------+------+------+------+------+------+------+------+------+------+
| Goblin   |  0   |  0   |  0   |  0   | +10  |  0   |  0   | +10  |  0   | -10  |  0   | -10  | 
+----------+------+------+------+------+------+------+------+------+------+------+------+------+
| Orc      |  0   | +10  |  0   |  0   |  0   | -10  | -10  |  0   | +10  |  0   |  0   |  0   | 
+----------+------+------+------+------+------+------+------+------+------+------+------+------+
| Uruk     |  0   | +10  |  0   |  0   |  0   | -10  | -10  |  0   | +10  |  0   |  0   |  0   | 
+----------+------+------+------+------+------+------+------+------+------+------+------+------+
| Minotaur | -10  |  0   |  0   |  0   |  0   | +10  |  0   | -10  |  0   |  0   | +10  |  0   |  
+----------+------+------+------+------+------+------+------+------+------+------+------+------+
| Kobold   |  0   | -10  |  0   |  0   |  0   |  0   | -10  |  0   |  0   | +20  |  0   |  0   | 
+----------+------+------+------+------+------+------+------+------+------+------+------+------+
| Troll    | +15  | +15  |  0   |  0   |  0   |  0   |  0   |  0   | -15  |  0   | -15  |  0   |  
+----------+------+------+------+------+------+------+------+------+------+------+------+------+
| Ogre     |  0   | +10  |  0   |  0   |  0   |  0   |  0   | -10  |  0   | +10  |  0   | -10  |  
+----------+------+------+------+------+------+------+------+------+------+------+------+------+
| Half-Ogre|  0   | +5   |  0   |  0   |  0   |  0   |  0   | -5   |  0   | +5   |  0   | -5   |  
+----------+------+------+------+------+------+------+------+------+------+------+------+------+
| Giant    |  0   | +10  |  0   |  0   |  0   |  0   |  0   | -10  |  0   | +10  |  0   | -10  |  
+----------+------+------+------+------+------+------+------+------+------+------+------+------+
| Centaur  |  0   |  0   |  0   | +10  |  0   |  0   |   0  | -10  | -10  |  0   |  0   | +10  |
+----------+------+------+------+------+------+------+------+------+------+------+------+------+
| Undead * |  0   | +15  |  0   | -15  | +15  |  0   |  0   |  0   | -15  | +15  |  0   |  0   |  
+----------+------+------+------+------+------+------+------+------+------+------+------+------+
| Kroug    |  0   |  0   |  0   |  0   |  0   |  0   |  0   |  0   |  0   |  0   |  0   |  0   |  
+----------+------+------+------+------+------+------+------+------+------+------+------+------+
