+----------------------------------------+
|                                        |
| . hidden path            o small room  |
| - path                   O big room    |
|                                        |
+----------------------------------------+

Level 0 denoted L0.

  0 0 0 0 0 0 0 0 0 0 1 1 1 1 1 1 1 1 1 1 2 2 2 2 2 2 2 2 2 2 3 3 3
  0 1 2 3 4 5 6 7 8 9 0 1 2 3 4 5 6 7 8 9 0 1 2 3 4 5 6 7 8 9 0 1 2


10                              o
                               .
11                    o       o
                       \      |
12                      O-O---O---O-O-O
                       /      |
13                    o       o
                               \
14                              o


Level 1 denoted 01.

  0 0 0 0 0 0 0 0 0 0 1 1 1 1 1 1 1 1 1 1 2 2 2 2 2 2 2 2 2 2 3 3 3
  0 1 2 3 4 5 6 7 8 9 0 1 2 3 4 5 6 7 8 9 0 1 2 3 4 5 6 7 8 9 0 1 2
                                         
08                                        O  
                                         /
09                                    O.o-o   o
                                        |    /
10                                      o-O-O
                                       /
11                                    O---O
                                      |    \
12                                    O     o


  0 0 0 0 0 0 0 0 0 0 1 1 1 1 1 1 1 1 1 1 2 2 2 2 2 2 2 2 2 2 3 3 3
  0 1 2 3 4 5 6 7 8 9 0 1 2 3 4 5 6 7 8 9 0 1 2 3 4 5 6 7 8 9 0 1 2
